0.7 0.6668 -0.165
0.7 0.6668  0.165

0.7 0.5716 -0.33
0.7 0.5716  0
0.7 0.5716  0.33

0.7 0.4763 -0.495
0.7 0.4763 -0.165
0.7 0.4763  0.165
0.7 0.4763  0.495

0.7 0.38105 -0.33
0.7 0.38105 0
0.7 0.38105  0.33

0.7 0.2859 -0.495
0.7 0.2859 -0.165
0.7 0.2859  0.165
0.7 0.2859  0.495

0.7 0.1905 -0.66
0.7 0.1905 -0.33
0.7 0.1905 0
0.7 0.1905  0.33
0.7 0.1905  0.66

0.7 0.09526 -0.495
0.7 0.09526 -0.165
0.7 0.09526  0.165
0.7 0.09526  0.495

0.7 0 -0.66
0.7 0 -0.33
0.7 0  0
0.7 0  0.33
0.7 0  0.66

0.7 -0.09526 -0.495
0.7 -0.09526 -0.165
0.7 -0.09526  0.165
0.7 -0.09526  0.495

0.7 -0.1905 -0.66
0.7 -0.1905 -0.33
0.7 -0.1905 0
0.7 -0.1905  0.33
0.7 -0.1905  0.66

0.7 -0.2859 -0.495
0.7 -0.2859 -0.165
0.7 -0.2859  0.165
0.7 -0.2859  0.495

0.7 -0.38105 -0.33
0.7 -0.38105 0
0.7 -0.38105  0.33

0.7 -0.4763 -0.495
0.7 -0.4763 -0.165
0.7 -0.4763  0.165
0.7 -0.4763  0.495

0.7 -0.5716 -0.33
0.7 -0.5716  0
0.7 -0.5716  0.33

0.7 -0.6668 -0.165
0.7 -0.6668  0.165
